2
5
14
15
20
21
34
41
43
46
54
58
61
66
70
74
75
89
91
94
108
111
118
121
126
127
137
140
142
146
148
154
164
169
171
179
191
193
194
202
210
219
221
223
227
229
236
249
254
265
276
279
290
294
298
307
309
318
326
330
335
343
350
362
365
369
373
380
383
387
401
402
408
411
417
421
423
424
428
429
438
446
453
457
465
471
473
475
477
478
479
480
485
489
492
503
506
508
513
524
531
536
538
557
564
566
567
570
573
586
587
589
592
594
596
602
603
604
611
612
613
629
655
663
664
666
670
675
680
688
692
695
696
697
704
713
731
737
741
743
746
752
753
762
769
770
786
788
794
796
798
800
802
804
805
810
811
824
829
832
833
835
840
849
859
871
878
884
891
894
902
908
911
913
917
935
941
942
944
949
952
966
971
976
977
983
990
991
997
1005
1013
1014
1015
1016
1019
1027
1028
1036
1042
1049
1050
1053
1061
1066
1071
1073
1075
1082
1084
1085
1095
1101
1102
1103
1107
1114
1115
1116
1119
1125
1126
1128
1135
1141
1142
1145
1151
1155
1162
1167
1178
1179
1183
1184
1187
1188
1192
1198
1203
1210
1213
1218
1220
1225
1231
1233
1236
1237
1244
1248
1252
1257
1260
1264
1278
1279
1299
1303
1309
1312
1315
1333
1345
1357
1362
1367
1377
1378
1382
1384
1396
1401
1404
1405
1408
1420
1429
1434
1438
1442
1443
1449
1458
1463
1476
1479
1495
1496
1500
1502
1504
1506
1507
1512
1515
1518
1525
1529
1543
1548
1556
1561
1570
1571
1575
1577
1580
1583
1595
1596
1604
1607
1608
1609
1611
1612
1614
1618
1619
1626
1628
1630
1641
1643
1644
1648
1653
1658
1665
1683
1686
1687
1688
1694
1695
1697
1698
1702
1703
1706
1707
1708
1713
1719
1726
1739
1740
1744
1745
1748
1751
1753
1755
1757
1759
1761
1764
1766
1769
1773
1786
1791
1793
1798
1800
1811
1813
1814
1819
1822
1828
1830
1831
1835
1837
1839
1847
1848
1858
1863
1873
1891
1897
1900
1902
1906
1918
1930
1939
1944
1953
1971
1972
1982
1988
1995
2002
2003
2004
2008
2011
2012
2016
2018
2021
2024
2038
2045
2052
2059
2062
2064
2069
2074
2089
2095
2103
2110
2111
2125
2128
2129
2130
2132
2133
2142
2158
2160
2163
2166
2167
2176
2178
2179
2189
2193
2206
2214
2220
2234
2237
2250
2252
2255
2258
2261
2262
2271
2276
2282
2285
2286
2287
2294
2295
2302
2306
2312
2317
2323
2326
2330
2334
2335
2338
2340
2343
2344
2347
2354
2365
2374
2387
2400
2403
2411
2413
2416
2430
2431
2439
2442
2445
2454
2455
2465
2468
2469
2473
2475
2477
2479
2482
2485
2486
2496
2499
2500
2516
2521
2531
2535
2537
2539
2544
2548
2550
2551
2554
2573
2574
2578
2580
2581
2585
2593
2610
2620
2621
2623
2629
2636
2640
2644
2645
2648
2653
2656
2660
2662
2663
2666
2675
2676
2677
2679
2684
2685
2686
2688
2694
2698
2700
2703
2721
2722
2730
2735
2741
2745
2749
2754
2759
2764
2772
2774
2775
2778
2780
2785
2786
2787
2790
2797
2800
2803
2821
2824
2838
2842
2849
2851
2855
2857
2858
2859
2868
2869
2873
2874
2875
2877
2879
