      4 1
      4 10
      2 100
      2 1000
      5 1001
      1 1002
      2 1003
      2 1004
      1 1005
      4 1006
      2 1007
      2 1008
      2 1009
      2 101
      2 1010
      2 1011
      2 1012
      2 1013
      4 1014
      2 1015
      2 1016
      1 1017
      2 1018
      6 1019
      2 102
      2 1020
      2 1021
      2 1022
      4 1023
      2 1024
      2 1025
      2 1026
      2 1027
      3 1028
      2 1029
      2 103
      2 1030
      4 1031
      2 1032
      2 1033
      2 1034
      4 1035
      2 1036
      2 1037
      1 1038
      2 1039
      2 104
      1 1040
      2 1041
      2 1042
      2 1043
      2 1044
      2 1045
      2 1046
      2 1047
      2 1048
      2 1049
      2 105
      1 1050
      2 1051
      2 1052
      2 1053
      2 1054
      2 1055
      2 1056
      2 1057
      5 1058
      2 1059
      2 106
      2 1060
      2 1061
      2 1062
      2 1063
      1 1064
      1 1065
      2 1066
      2 1067
      2 1068
      2 1069
      2 107
      2 1070
      3 1071
      2 1072
      2 1073
      1 1074
      3 1075
      3 1076
      2 1077
      1 1078
      2 1079
      2 108
      2 1080
      2 1081
      2 1082
      2 1083
      1 1084
      1 1085
      4 1086
      1 1087
      2 1088
      2 1089
      1 109
      2 1090
      3 1091
      2 1092
      2 1093
      1 1094
      2 1095
      2 1096
      2 1097
      2 1098
      2 1099
      2 11
      2 110
      1 1100
      2 1101
      2 1102
      2 1103
      1 1104
      2 1105
      4 1106
      2 1107
      2 1108
      2 1109
      2 111
      1 1110
      2 1111
      2 1112
      2 1113
      2 1114
      2 1115
      2 1116
      2 1117
      2 1118
      1 1119
      1 112
      2 1120
      2 1121
      2 1122
      2 1123
      2 1124
      1 1125
      2 1126
      2 1127
      2 1128
      2 1129
      2 113
      3 1130
      2 1131
      2 1132
      4 1133
      2 1134
      2 1135
      1 1136
      1 1137
      1 1138
      2 1139
      2 114
      2 1140
      1 1141
      1 1142
      2 1143
      2 1144
      1 1145
      2 1146
      2 1147
      2 1148
      2 1149
      2 115
      1 1150
      2 1151
      2 1152
      2 1153
      2 1154
      2 1155
      1 1156
      2 1157
      2 1158
      2 1159
      2 116
      2 1160
      2 1161
      2 1162
      1 1163
      4 1164
      1 1165
      2 1166
      2 1167
      6 1168
      2 1169
      3 117
      2 1170
      1 1171
      2 1172
      1 1173
      2 1174
      4 1175
      2 1176
      2 1177
      2 1178
      2 1179
      5 118
      2 1180
      1 1181
      2 1182
      1 1183
      2 1184
      1 1185
      2 1186
      2 1187
      2 1188
      2 1189
      3 119
      2 1190
      1 1191
      2 1192
      2 1193
      2 1194
      1 1195
      4 1196
      2 1197
      2 1198
      2 1199
      2 12
      2 120
      4 1200
      3 1201
      2 1202
      2 1203
      1 1204
      2 1205
      4 1206
      1 1207
      2 1208
      2 1209
      2 121
      2 1210
      2 1211
      2 1212
      2 1213
      3 1214
      2 1215
      4 1216
      2 1217
      2 1218
      2 1219
      1 122
      1 1220
      2 1221
      3 1222
      2 1223
      1 1224
      2 1225
      3 1226
      2 1227
      2 1228
      2 1229
      4 123
      2 1230
      4 1231
      2 1232
      2 1233
      2 1234
      2 1235
      1 1236
      2 1237
      2 1238
      2 1239
      2 124
      2 1240
      2 1241
      2 1242
      1 1243
      2 1244
      3 1245
      3 1246
      1 1247
      2 1248
      2 1249
      1 125
      2 1250
      2 1251
      2 1252
      1 1253
      2 1254
      2 1255
      1 1256
      4 1257
      2 1258
      1 1259
      4 126
      2 1260
      2 1261
      2 1262
      2 1263
      2 1264
      2 1265
      2 1266
      2 1267
      2 1268
      3 1269
      3 127
      2 1270
      2 1271
      2 1272
      2 1273
      2 1274
      2 1275
      1 1276
      2 1277
      2 1278
      2 1279
      1 128
      4 1280
      2 1281
      2 1282
      2 1283
      2 1284
      2 1285
      2 1286
      2 1287
      2 1288
      2 1289
      2 129
      2 1290
      2 1291
      2 1292
      2 1293
      2 1294
      2 1295
      2 1296
      2 1297
      1 1298
      2 1299
      2 13
      2 130
      2 1300
      2 1301
      2 1302
      1 1303
      2 1304
      2 1305
      2 1306
      2 1307
      1 1308
      2 1309
      4 131
      2 1310
      2 1311
      2 1312
      2 1313
      2 1314
      2 1315
      2 1316
      1 1317
      1 1318
      1 1319
      2 132
      2 1320
      2 1321
      2 1322
      1 1323
      2 1324
      1 1325
      2 1326
      2 1327
      2 1328
      4 1329
      2 133
      2 1330
      2 1331
      1 1332
      2 1333
      2 1334
      2 1335
      2 1336
      2 1337
      2 1338
      2 1339
      2 134
      2 1340
      2 1341
      6 1342
      2 1343
      2 1344
      1 1345
      1 1346
      2 1347
      2 1348
      1 1349
      4 135
      2 1350
      2 1351
      3 1352
      2 1353
      2 1354
      3 1355
      2 1356
      2 1357
      2 1358
      4 1359
      2 136
      2 1360
      2 1361
      2 1362
      2 1363
      2 1364
      2 1365
      2 1366
      2 1367
      2 1368
      1 1369
      2 137
      2 1370
      2 1371
      2 1372
      2 1373
      1 1374
      2 1375
      2 1376
      2 1377
      1 1378
      3 1379
      2 138
      2 1380
      2 1381
      1 1382
      1 1383
      2 1384
      2 1385
      2 1386
      2 1387
      1 1388
      2 1389
      1 139
      2 1390
      2 1391
      4 1392
      2 1393
      2 1394
      2 1395
      2 1396
      2 1397
      5 1398
      1 1399
      2 14
      2 140
      2 1400
      2 1401
      2 1402
      2 1403
      2 1404
      2 1405
      2 1406
      2 1407
      2 1408
      2 1409
      2 141
      2 1410
      1 1411
      3 1412
      2 1413
      4 1414
      2 1415
      2 1416
      2 1417
      2 1418
      2 1419
      2 142
      3 1420
      2 1421
      2 1422
      4 1423
      2 1424
      2 1425
      2 1426
      1 1427
      2 1428
      2 1429
      2 143
      1 1430
      2 1431
      1 1432
      2 1433
      1 1434
      2 1435
      2 1436
      2 1437
      2 1438
      1 1439
      2 144
      1 1440
      4 1441
      2 1442
      1 1443
      2 1444
      2 1445
      1 1446
      3 1447
      4 1448
      2 1449
      4 145
      2 1450
      2 1451
      2 1452
      5 1453
      4 1454
      2 1455
      1 1456
      2 1457
      2 1458
      2 1459
      2 146
      3 1460
      2 1461
      4 1462
      2 1463
      2 1464
      2 1465
      2 1466
      2 1467
      4 1468
      4 1469
      3 147
      2 1470
      2 1471
      2 1472
      2 1473
      2 1474
      1 1475
      2 1476
      2 1477
      2 1478
      2 1479
      1 148
      2 1480
      2 1481
      2 1482
      2 1483
      2 1484
      2 1485
      2 1486
      1 1487
      2 1488
      2 1489
      4 149
      2 1490
      2 1491
      2 1492
      2 1493
      2 1494
      1 1495
      2 1496
      2 1497
      1 1498
      2 1499
      2 15
      2 150
      1 1500
      2 1501
      2 1502
      1 1503
      2 1504
      2 1505
      1 1506
      2 1507
      2 1508
      2 1509
      2 151
      2 1510
      2 1511
      2 1512
      2 1513
      2 1514
      4 1515
      2 1516
      2 1517
      1 1518
      2 1519
      2 152
      4 1520
      2 1521
      2 1522
      2 1523
      1 1524
      2 1525
      2 1526
      1 1527
      1 1528
      1 1529
      2 153
      2 1530
      1 1531
      1 1532
      1 1533
      1 1534
      2 1535
      2 1536
      1 1537
      1 1538
      3 1539
      2 154
      4 1540
      2 1541
      2 1542
      2 1543
      2 1544
      1 1545
      2 1546
      2 1547
      1 1548
      2 1549
      2 155
      2 1550
      2 1551
      2 1552
      2 1553
      2 1554
      2 1555
      2 1556
      2 1557
      2 1558
      1 1559
      4 156
      1 1560
      1 1561
      2 1562
      1 1563
      2 1564
      2 1565
      2 1566
      2 1567
      2 1568
      2 1569
      1 157
      2 1570
      2 1571
      1 1572
      2 1573
      2 1574
      2 1575
      3 1576
      2 1577
      1 1578
      2 1579
      3 158
      2 1580
      3 1581
      2 1582
      2 1583
      2 1584
      2 1585
      2 1586
      2 1587
      2 1588
      2 1589
      4 159
      2 1590
      2 1591
      2 1592
      2 1593
      2 1594
      2 1595
      2 1596
      2 1597
      3 1598
      1 1599
      2 16
      4 160
      1 1600
      1 1601
      2 1602
      2 1603
      2 1604
      2 1605
      2 1606
      1 1607
      1 1608
      2 1609
      4 161
      2 1610
      4 1611
      1 1612
      1 1613
      2 1614
      3 1615
      1 1616
      1 1617
      1 1618
      2 1619
      2 162
      3 1620
      1 1621
      2 1622
      1 1623
      2 1624
      2 1625
      2 1626
      2 1627
      1 1628
      2 1629
      2 163
      2 1630
      2 1631
      2 1632
      2 1633
      2 1634
      4 1635
      2 1636
      2 1637
      2 1638
      2 1639
      2 164
      2 1640
      2 1641
      2 1642
      2 1643
      2 1644
      2 1645
      4 1646
      1 1647
      1 1648
      4 1649
      2 165
      2 1650
      2 1651
      1 1652
      1 1653
      3 1654
      2 1655
      2 1656
      3 1657
      1 1658
      2 1659
      2 166
      1 1660
      2 1661
      1 1662
      2 1663
      2 1664
      2 1665
      1 1666
      2 1667
      1 1668
      3 1669
      1 167
      2 1670
      2 1671
      1 1672
      2 1673
      3 1674
      2 1675
      2 1676
      1 1677
      2 1678
      2 1679
      2 168
      2 1680
      4 1681
      2 1682
      2 1683
      2 1684
      2 1685
      2 1686
      2 1687
      2 1688
      2 1689
      2 169
      2 1690
      2 1691
      2 1692
      2 1693
      1 1694
      2 1695
      2 1696
      4 1697
      4 1698
      1 1699
      1 17
      2 170
      2 1700
      1 1701
      2 1702
      2 1703
      2 1704
      2 1705
      1 1706
      2 1707
      1 1708
      2 1709
      2 171
      2 1710
      2 1711
      2 1712
      2 1713
      5 1714
      2 1715
      2 1716
      2 1717
      2 1718
      1 1719
      4 172
      2 1720
      1 1721
      2 1722
      2 1723
      3 1724
      2 1725
      2 1726
      2 1727
      1 1728
      2 1729
      1 173
      2 1730
      2 1731
      1 1732
      2 1733
      1 1734
      1 1735
      2 1736
      2 1737
      1 1738
      3 1739
      2 174
      1 1740
      3 1741
      1 1742
      2 1743
      2 1744
      2 1745
      2 1746
      2 1747
      2 1748
      2 1749
      2 175
      1 1750
      1 1751
      2 1752
      2 1753
      2 1754
      2 1755
      2 1756
      2 1757
      2 1758
      2 1759
      2 176
      1 1760
      2 1761
      2 1762
      2 1763
      1 1764
      2 1765
      2 1766
      3 1767
      2 1768
      2 1769
      2 177
      5 1770
      2 1771
      2 1772
      1 1773
      2 1774
      2 1775
      2 1776
      2 1777
      2 1778
      2 1779
      2 178
      2 1780
      2 1781
      2 1782
      4 1783
      2 1784
      2 1785
      2 1786
      2 1787
      1 1788
      2 1789
      2 179
      2 1790
      2 1791
      2 1792
      1 1793
      2 1794
      2 1795
      3 1796
      1 1797
      2 1798
      1 1799
      2 18
      2 180
      2 1800
      2 1801
      2 1802
      1 1803
      2 1804
      4 1805
      2 1806
      4 1807
      4 1808
      2 1809
      2 181
      2 1810
      2 1811
      2 1812
      1 1813
      2 1814
      2 1815
      2 1816
      2 1817
      2 1818
      3 1819
      2 182
      2 1820
      4 1821
      2 1822
      2 1823
      2 1824
      2 1825
      2 1826
      2 1827
      2 1828
      2 1829
      2 183
      2 1830
      2 1831
      1 1832
      2 1833
      2 1834
      2 1835
      2 1836
      1 1837
      2 1838
      2 1839
      4 184
      2 1840
      2 1841
      2 1842
      1 1843
      1 1844
      2 1845
      2 1846
      2 1847
      4 1848
      2 1849
      2 185
      2 1850
      2 1851
      3 1852
      3 1853
      2 1854
      3 1855
      2 1856
      2 1857
      4 1858
      3 1859
      2 186
      4 1860
      1 1861
      2 1862
      2 1863
      2 1864
      2 1865
      4 1866
      2 1867
      2 1868
      2 1869
      2 187
      1 1870
      1 1871
      2 1872
      2 1873
      2 1874
      2 1875
      2 1876
      1 1877
      2 1878
      2 1879
      2 188
      2 1880
      2 1881
      2 1882
      2 1883
      2 1884
      2 1885
      2 1886
      2 1887
      2 1888
      2 1889
      2 189
      2 1890
      1 1891
      1 1892
      1 1893
      2 1894
      2 1895
      2 1896
      2 1897
      1 1898
      2 1899
      2 19
      2 190
      2 1900
      1 1901
      2 1902
      2 1903
      2 1904
      1 1905
      2 1906
      1 1907
      2 1908
      2 1909
      2 191
      4 1910
      2 1911
      2 1912
      1 1913
      2 1914
      1 1915
      2 1916
      2 1917
      2 1918
      2 1919
      2 192
      2 1920
      2 1921
      2 1922
      2 1923
      2 1924
      1 1925
      1 1926
      2 1927
      2 1928
      1 1929
      4 193
      2 1930
      2 1931
      2 1932
      2 1933
      2 1934
      2 1935
      4 1936
      2 1937
      2 1938
      2 1939
      2 194
      1 1940
      2 1941
      2 1942
      2 1943
      2 1944
      1 1945
      2 1946
      2 1947
      1 1948
      2 1949
      1 195
      3 1950
      2 1951
      2 1952
      2 1953
      1 1954
      2 1955
      6 1956
      2 1957
      1 1958
      3 1959
      2 196
      2 1960
      2 1961
      2 1962
      2 1963
      2 1964
      2 1965
      2 1966
      2 1967
      6 1968
      2 1969
      2 197
      2 1970
      2 1971
      2 1972
      1 1973
      2 1974
      2 1975
      2 1976
      2 1977
      1 1978
      2 1979
      2 198
      2 1980
      2 1981
      2 1982
      2 1983
      3 1984
      2 1985
      2 1986
      2 1987
      2 1988
      2 1989
      2 199
      2 1990
      1 1991
      1 1992
      2 1993
      2 1994
      2 1995
      2 1996
      2 1997
      4 1998
      2 1999
      2 2
      2 20
      2 200
      2 2000
      2 2001
      2 2002
      2 2003
      1 2004
      2 2005
      2 2006
      1 2007
      1 2008
      2 2009
      2 201
      2 2010
      1 2011
      2 2012
      3 2013
      2 2014
      2 2015
      2 2016
      2 2017
      2 2018
      2 2019
      2 202
      1 2020
      4 2021
      2 2022
      4 2023
      2 2024
      2 2025
      2 2026
      2 2027
      2 2028
      1 2029
      2 203
      2 2030
      2 2031
      2 2032
      1 2033
      2 2034
      1 2035
      2 2036
      2 2037
      2 2038
      2 2039
      2 204
      1 2040
      4 2041
      2 2042
      2 2043
      2 2044
      2 2045
      2 2046
      2 2047
      2 2048
      2 2049
      2 205
      1 2050
      2 2051
      1 2052
      1 2053
      2 2054
      2 2055
      2 2056
      3 2057
      2 2058
      2 2059
      3 206
      2 2060
      2 2061
      2 2062
      1 2063
      2 2064
      2 2065
      3 2066
      2 2067
      2 2068
      2 2069
      2 207
      2 2070
      2 2071
      2 2072
      2 2073
      2 2074
      2 2075
      1 2076
      2 2077
      2 2078
      2 2079
      3 208
      2 2080
      2 2081
      2 2082
      2 2083
      2 2084
      2 2085
      1 2086
      2 2087
      2 2088
      1 2089
      2 209
      2 2090
      2 2091
      2 2092
      2 2093
      2 2094
      2 2095
      2 2096
      2 2097
      2 2098
      2 2099
      3 21
      2 210
      2 2100
      1 2101
      2 2102
      3 2103
      1 2104
      2 2105
      2 2106
      2 2107
      2 2108
      2 2109
      1 211
      2 2110
      2 2111
      2 2112
      2 2113
      2 2114
      4 2115
      1 2116
      2 2117
      2 2118
      3 2119
      4 212
      1 2120
      3 2121
      1 2122
      3 2123
      2 2124
      2 2125
      1 2126
      4 2127
      3 2128
      2 2129
      1 213
      2 2130
      2 2131
      2 2132
      3 2133
      2 2134
      4 2135
      2 2136
      3 2137
      2 2138
      2 2139
      2 214
      1 2140
      2 2141
      2 2142
      2 2143
      2 2144
      2 2145
      1 2146
      2 2147
      2 2148
      2 2149
      2 215
      2 2150
      2 2151
      1 2152
      2 2153
      2 2154
      2 2155
      2 2156
      2 2157
      2 2158
      2 2159
      2 216
      2 2160
      2 2161
      2 2162
      2 2163
      2 2164
      2 2165
      1 2166
      2 2167
      2 2168
      2 2169
      2 217
      2 2170
      1 2171
      1 2172
      3 2173
      2 2174
      2 2175
      2 2176
      1 2177
      2 2178
      1 2179
      4 218
      2 2180
      2 2181
      2 2182
      1 2183
      2 2184
      2 2185
      1 2186
      2 2187
      2 2188
      2 2189
      2 219
      1 2190
      2 2191
      2 2192
      1 2193
      1 2194
      3 2195
      2 2196
      2 2197
      2 2198
      2 2199
      2 22
      4 220
      1 2200
      1 2201
      4 2202
      4 2203
      1 2204
      2 2205
      2 2206
      2 2207
      2 2208
      1 2209
      2 221
      2 2210
      2 2211
      2 2212
      2 2213
      2 2214
      2 2215
      2 2216
      2 2217
      2 2218
      2 2219
      1 222
      1 2220
      2 2221
      2 2222
      2 2223
      2 2224
      2 2225
      2 2226
      1 2227
      2 2228
      2 2229
      2 223
      2 2230
      2 2231
      2 2232
      2 2233
      2 2234
      2 2235
      2 2236
      2 2237
      1 2238
      2 2239
      1 224
      4 2240
      2 2241
      2 2242
      2 2243
      2 2244
      2 2245
      1 2246
      2 2247
      2 2248
      1 2249
      2 225
      2 2250
      2 2251
      2 2252
      2 2253
      2 2254
      2 2255
      2 2256
      2 2257
      1 2258
      2 2259
      1 226
      2 2260
      2 2261
      2 2262
      4 2263
      2 2264
      2 2265
      2 2266
      2 2267
      2 2268
      2 2269
      2 227
      2 2270
      2 2271
      2 2272
      2 2273
      2 2274
      2 2275
      2 2276
      2 2277
      2 2278
      2 2279
      2 228
      2 2280
      1 2281
      1 2282
      2 2283
      2 2284
      2 2285
      2 2286
      1 2287
      2 2288
      2 2289
      2 229
      1 2290
      2 2291
      2 2292
      2 2293
      1 2294
      2 2295
      2 2296
      2 2297
      3 2298
      2 2299
      1 23
      1 230
      2 2300
      2 2301
      2 2302
      2 2303
      2 2304
      1 2305
      2 2306
      2 2307
      1 2308
      1 2309
      3 231
      2 2310
      2 2311
      2 2312
      1 2313
      2 2314
      2 2315
      2 2316
      2 2317
      2 2318
      1 2319
      1 232
      2 2320
      2 2321
      2 2322
      2 2323
      2 2324
      2 2325
      2 2326
      2 2327
      2 2328
      2 2329
      2 233
      1 2330
      2 2331
      2 2332
      2 2333
      2 2334
      1 2335
      2 2336
      2 2337
      2 2338
      2 2339
      4 234
      2 2340
      2 2341
      2 2342
      2 2343
      2 2344
      2 2345
      2 2346
      1 2347
      2 2348
      2 2349
      6 235
      2 2350
      2 2351
      2 2352
      2 2353
      2 2354
      2 2355
      3 2356
      3 2357
      2 2358
      2 2359
      4 236
      2 2360
      2 2361
      2 2362
      1 2363
      1 2364
      2 2365
      1 2366
      2 2367
      2 2368
      2 2369
      2 237
      2 2370
      2 2371
      2 2372
      2 2373
      1 2374
      2 2375
      1 2376
      1 2377
      2 2378
      1 2379
      3 238
      2 2380
      2 2381
      2 2382
      2 2383
      2 2384
      2 2385
      2 2386
      2 2387
      2 2388
      2 2389
      4 239
      2 2390
      2 2391
      2 2392
      2 2393
      2 2394
      2 2395
      2 2396
      2 2397
      2 2398
      2 2399
      4 24
      2 240
      2 2400
      1 2401
      2 2402
      2 2403
      2 2404
      2 2405
      4 2406
      1 2407
      1 2408
      1 2409
      4 241
      2 2410
      2 2411
      2 2412
      1 2413
      2 2414
      2 2415
      2 2416
      2 2417
      2 2418
      2 2419
      2 242
      2 2420
      2 2421
      2 2422
      2 2423
      1 2424
      2 2425
      2 2426
      2 2427
      2 2428
      2 2429
      2 243
      2 2430
      2 2431
      2 2432
      2 2433
      1 2434
      2 2435
      1 2436
      2 2437
      2 2438
      2 2439
      2 244
      2 2440
      2 2441
      2 2442
      2 2443
      2 2444
      2 2445
      2 2446
      2 2447
      2 2448
      2 2449
      4 245
      2 2450
      2 2451
      1 2452
      2 2453
      2 2454
      2 2455
      1 2456
      2 2457
      3 2458
      1 2459
      2 246
      1 2460
      2 2461
      2 2462
      2 2463
      1 2464
      2 2465
      1 2466
      3 2467
      2 2468
      2 2469
      2 247
      3 2470
      2 2471
      1 2472
      1 2473
      2 2474
      2 2475
      3 2476
      2 2477
      2 2478
      2 2479
      2 248
      2 2480
      2 2481
      3 2482
      2 2483
      2 2484
      2 2485
      1 2486
      1 2487
      3 2488
      1 2489
      1 249
      1 2490
      4 2491
      2 2492
      2 2493
      1 2494
      1 2495
      1 2496
      4 2497
      1 2498
      2 2499
      2 25
      4 250
      2 2500
      2 2501
      4 2502
      3 2503
      1 2504
      2 2505
      2 2506
      2 2507
      2 2508
      2 2509
      2 251
      1 2510
      2 2511
      2 2512
      1 2513
      2 2514
      2 2515
      1 2516
      2 2517
      2 2518
      2 2519
      4 252
      2 2520
      2 2521
      2 2522
      2 2523
      1 2524
      2 2525
      2 2526
      2 2527
      1 2528
      1 2529
      2 253
      2 2530
      2 2531
      2 2532
      2 2533
      3 2534
      2 2535
      1 2536
      2 2537
      1 2538
      2 2539
      2 254
      2 2540
      2 2541
      2 2542
      2 2543
      1 2544
      2 2545
      2 2546
      1 2547
      4 2548
      2 2549
      2 255
      2 2550
      2 2551
      2 2552
      2 2553
      2 2554
      1 2555
      2 2556
      2 2557
      2 2558
      2 2559
      2 256
      1 2560
      2 2561
      2 2562
      1 2563
      3 2564
      2 2565
      2 2566
      2 2567
      2 2568
      2 2569
      2 257
      2 2570
      2 2571
      1 2572
      1 2573
      2 2574
      1 2575
      2 2576
      1 2577
      2 2578
      2 2579
      1 258
      2 2580
      1 2581
      1 2582
      2 2583
      2 2584
      2 2585
      1 2586
      2 2587
      2 2588
      2 2589
      2 259
      2 2590
      2 2591
      2 2592
      3 2593
      1 2594
      2 2595
      2 2596
      1 2597
      2 2598
      2 2599
      2 26
      2 260
      1 2600
      2 2601
      2 2602
      2 2603
      2 2604
      2 2605
      2 2606
      2 2607
      2 2608
      1 2609
      4 261
      3 2610
      2 2611
      2 2612
      2 2613
      2 2614
      2 2615
      1 2616
      2 2617
      2 2618
      2 2619
      4 262
      2 2620
      2 2621
      2 2622
      2 2623
      2 2624
      2 2625
      2 2626
      2 2627
      1 2628
      3 2629
      2 263
      2 2630
      2 2631
      1 2632
      2 2633
      2 2634
      2 2635
      2 2636
      1 2637
      1 2638
      2 2639
      3 264
      1 2640
      2 2641
      2 2642
      3 2643
      2 2644
      1 2645
      2 2646
      1 2647
      2 2648
      2 2649
      3 265
      2 2650
      2 2651
      2 2652
      2 2653
      1 2654
      2 2655
      2 2656
      1 2657
      2 2658
      1 2659
      2 266
      1 2660
      1 2661
      2 2662
      1 2663
      2 2664
      1 2665
      2 2666
      2 2667
      2 2668
      1 2669
      2 267
      1 2670
      1 2671
      1 2672
      1 2673
      1 2674
      1 2675
      1 2676
      2 2677
      1 2678
      3 2679
      2 268
      3 2680
      1 2681
      1 2682
      1 2683
      2 2684
      1 2685
      1 2686
      1 2687
      1 2688
      1 2689
      1 269
      2 2690
      1 2691
      1 2692
      2 2693
      1 2694
      1 2695
      2 2696
      1 2697
      1 2698
      1 2699
      2 27
      2 270
      1 2700
      1 2701
      1 2702
      1 2703
      1 2704
      1 2705
      1 2706
      2 2707
      1 2708
      1 2709
      2 271
      1 2710
      1 2711
      1 2712
      2 2713
      1 2714
      1 2715
      1 2716
      1 2717
      1 2718
      1 2719
      2 272
      1 2720
      2 2721
      1 2722
      1 2723
      1 2724
      1 2725
      1 2726
      1 2727
      1 2728
      1 2729
      2 273
      1 2730
      1 2731
      1 2732
      2 2733
      1 2734
      1 2735
      1 2736
      1 2737
      2 2738
      1 2739
      2 274
      1 2740
      2 2741
      1 2742
      1 2743
      1 2744
      1 2745
      1 2746
      1 2747
      1 2748
      1 2749
      2 275
      1 2750
      1 2751
      1 2752
      3 2753
      1 2754
      2 2755
      1 2756
      1 2757
      1 2758
      1 2759
      2 276
      1 2760
      1 2761
      1 2762
      1 2763
      1 2764
      3 2765
      1 2766
      1 2767
      1 2768
      1 2769
      2 277
      1 2770
      1 2771
      1 2772
      1 2773
      1 2774
      2 2775
      1 2776
      1 2777
      1 2778
      2 2779
      2 278
      1 2780
      1 2781
      1 2782
      1 2783
      2 2784
      1 2785
      1 2786
      1 2787
      3 2788
      1 2789
      2 279
      1 2790
      2 2791
      1 2792
      1 2793
      2 2794
      1 2795
      1 2796
      1 2797
      1 2798
      1 2799
      2 28
      1 280
      1 2800
      1 2801
      1 2802
      1 2803
      1 2804
      1 2805
      1 2806
      1 2807
      1 2808
      2 2809
      2 281
      1 2810
      1 2811
      1 2812
      1 2813
      1 2814
      1 2815
      1 2816
      1 2817
      1 2818
      2 2819
      1 282
      3 2820
      2 2821
      1 2822
      2 2823
      1 2824
      1 2825
      1 2826
      1 2827
      1 2828
      1 2829
      1 283
      1 2830
      1 2831
      1 2832
      1 2833
      1 2834
      1 2835
      1 2836
      1 2837
      1 2838
      1 2839
      6 284
      2 2840
      1 2841
      1 2842
      2 2843
      1 2844
      1 2845
      1 2846
      1 2847
      5 2848
      1 2849
      2 285
      1 2850
      1 2851
      2 2852
      1 2853
      1 2854
      1 2855
      1 2856
      2 2857
      1 2858
      1 2859
      2 286
      1 2860
      1 2861
      1 2862
      1 2863
      1 2864
      1 2865
      1 2866
      1 2867
      1 2868
      1 2869
      4 287
      1 2870
      1 2871
      1 2872
      1 2873
      1 2874
      1 2875
      1 2876
      2 2877
      2 2878
      1 2879
      3 288
      1 2880
      1 2881
      1 2882
      1 2883
      1 2884
      1 2885
      1 2886
      1 2887
      1 2888
      1 2889
      2 289
      1 2890
      1 2891
      1 2892
      1 2893
      1 2894
      1 2895
      1 2896
      1 2897
      2 2898
      1 2899
      3 29
      2 290
      1 2900
      2 2901
      1 2902
      1 2903
      1 2904
      2 2905
      1 2906
      1 2907
      1 2908
      1 2909
      2 291
      1 2910
      1 2911
      1 2912
      1 2913
      1 2914
      1 2915
      1 2916
      1 2917
      1 2918
      1 2919
      2 292
      1 2920
      1 2921
      1 2922
      1 2923
      1 2924
      1 2925
      1 2926
      1 2927
      1 2928
      1 2929
      2 293
      1 2930
      2 2931
      1 2932
      1 2933
      1 2934
      1 2935
      1 2936
      1 2937
      1 2938
      1 2939
      2 294
      1 2940
      1 2941
      1 2942
      1 2943
      1 2944
      1 2945
      1 2946
      1 2947
      1 2948
      1 2949
      2 295
      1 2950
      1 2951
      1 2952
      1 2953
      1 2954
      1 2955
      1 2956
      1 2957
      1 2958
      1 2959
      2 296
      1 2960
      1 2961
      1 2962
      1 2963
      1 2964
      1 2965
      1 2966
      2 297
      1 298
      2 299
      2 3
      2 30
      2 300
      2 301
      1 302
      2 303
      1 304
      2 305
      1 306
      2 307
      2 308
      2 309
      2 31
      2 310
      2 311
      1 312
      3 313
      1 314
      2 315
      2 316
      3 317
      2 318
      5 319
      2 32
      2 320
      4 321
      2 322
      1 323
      2 324
      2 325
      2 326
      2 327
      2 328
      2 329
      2 33
      2 330
      1 331
      3 332
      2 333
      2 334
      1 335
      4 336
      2 337
      2 338
      2 339
      2 34
      4 340
      2 341
      2 342
      2 343
      2 344
      2 345
      2 346
      1 347
      2 348
      5 349
      1 35
      2 350
      5 351
      2 352
      2 353
      1 354
      2 355
      3 356
      2 357
      2 358
      2 359
      2 36
      2 360
      1 361
      2 362
      2 363
      2 364
      4 365
      1 366
      2 367
      4 368
      1 369
      2 37
      2 370
      1 371
      2 372
      1 373
      5 374
      1 375
      2 376
      2 377
      2 378
      2 379
      2 38
      2 380
      4 381
      1 382
      3 383
      2 384
      1 385
      2 386
      2 387
      2 388
      3 389
      2 39
      4 390
      1 391
      2 392
      2 393
      2 394
      2 395
      6 396
      2 397
      3 398
      4 399
      1 4
      2 40
      4 400
      2 401
      2 402
      2 403
      2 404
      4 405
      2 406
      2 407
      2 408
      3 409
      2 41
      1 410
      2 411
      1 412
      2 413
      2 414
      4 415
      2 416
      2 417
      1 418
      2 419
      2 42
      2 420
      2 421
      1 422
      1 423
      1 424
      4 425
      2 426
      4 427
      2 428
      2 429
      1 43
      2 430
      4 431
      2 432
      4 433
      2 434
      2 435
      2 436
      1 437
      2 438
      2 439
      2 44
      2 440
      1 441
      2 442
      2 443
      2 444
      3 445
      2 446
      2 447
      6 448
      4 449
      1 45
      2 450
      1 451
      2 452
      2 453
      2 454
      2 455
      2 456
      1 457
      2 458
      2 459
      2 46
      2 460
      4 461
      2 462
      4 463
      2 464
      2 465
      2 466
      4 467
      2 468
      2 469
      2 47
      6 470
      1 471
      2 472
      2 473
      2 474
      1 475
      2 476
      1 477
      1 478
      1 479
      1 48
      1 480
      2 481
      2 482
      2 483
      1 484
      1 485
      2 486
      2 487
      2 488
      2 489
      2 49
      1 490
      1 491
      2 492
      2 493
      2 494
      2 495
      2 496
      2 497
      2 498
      2 499
      4 5
      2 50
      1 500
      2 501
      1 502
      2 503
      1 504
      2 505
      2 506
      5 507
      3 508
      1 509
      2 51
      2 510
      2 511
      2 512
      2 513
      2 514
      2 515
      2 516
      2 517
      6 518
      2 519
      2 52
      2 520
      2 521
      2 522
      2 523
      2 524
      2 525
      2 526
      1 527
      2 528
      2 529
      2 53
      2 530
      2 531
      1 532
      2 533
      1 534
      2 535
      2 536
      2 537
      2 538
      2 539
      2 54
      2 540
      2 541
      2 542
      2 543
      2 544
      2 545
      2 546
      2 547
      4 548
      2 549
      2 55
      2 550
      2 551
      1 552
      2 553
      2 554
      2 555
      2 556
      2 557
      2 558
      2 559
      1 56
      1 560
      2 561
      1 562
      3 563
      1 564
      2 565
      2 566
      1 567
      2 568
      1 569
      2 57
      4 570
      2 571
      6 572
      2 573
      4 574
      2 575
      2 576
      2 577
      2 578
      2 579
      2 58
      2 580
      2 581
      5 582
      3 583
      2 584
      2 585
      1 586
      1 587
      4 588
      1 589
      2 59
      1 590
      1 591
      2 592
      5 593
      2 594
      2 595
      7 596
      1 597
      2 598
      2 599
      2 6
      1 60
      2 600
      3 601
      2 602
      2 603
      1 604
      2 605
      3 606
      1 607
      2 608
      2 609
      4 61
      2 610
      4 611
      2 612
      2 613
      2 614
      2 615
      2 616
      2 617
      2 618
      2 619
      2 62
      2 620
      2 621
      4 622
      1 623
      2 624
      2 625
      2 626
      2 627
      5 628
      1 629
      1 63
      2 630
      3 631
      5 632
      2 633
      2 634
      2 635
      2 636
      2 637
      2 638
      2 639
      3 64
      2 640
      2 641
      2 642
      4 643
      1 644
      2 645
      2 646
      2 647
      4 648
      2 649
      2 65
      2 650
      2 651
      2 652
      3 653
      4 654
      2 655
      1 656
      2 657
      2 658
      2 659
      2 66
      2 660
      1 661
      2 662
      2 663
      2 664
      2 665
      1 666
      2 667
      2 668
      2 669
      2 67
      2 670
      2 671
      2 672
      2 673
      2 674
      1 675
      5 676
      3 677
      1 678
      2 679
      2 68
      4 680
      2 681
      1 682
      1 683
      1 684
      5 685
      4 686
      2 687
      3 688
      2 689
      4 69
      5 690
      1 691
      3 692
      3 693
      2 694
      2 695
      2 696
      2 697
      2 698
      2 699
      6 7
      2 70
      1 700
      3 701
      2 702
      2 703
      2 704
      2 705
      4 706
      2 707
      2 708
      2 709
      2 71
      2 710
      2 711
      2 712
      1 713
      2 714
      2 715
      2 716
      2 717
      3 718
      2 719
      2 72
      1 720
      3 721
      2 722
      2 723
      1 724
      1 725
      5 726
      2 727
      1 728
      2 729
      2 73
      2 730
      2 731
      3 732
      2 733
      2 734
      1 735
      2 736
      2 737
      2 738
      3 739
      2 74
      4 740
      2 741
      2 742
      1 743
      4 744
      2 745
      2 746
      2 747
      2 748
      2 749
      2 75
      3 750
      1 751
      2 752
      2 753
      3 754
      2 755
      2 756
      3 757
      2 758
      1 759
      1 76
      2 760
      2 761
      2 762
      2 763
      2 764
      2 765
      2 766
      1 767
      2 768
      1 769
      2 77
      2 770
      2 771
      2 772
      2 773
      1 774
      2 775
      4 776
      4 777
      1 778
      2 779
      2 78
      1 780
      4 781
      1 782
      4 783
      1 784
      1 785
      2 786
      2 787
      2 788
      1 789
      2 79
      1 790
      2 791
      2 792
      2 793
      2 794
      2 795
      2 796
      2 797
      2 798
      2 799
      2 8
      2 80
      4 800
      2 801
      2 802
      2 803
      2 804
      2 805
      2 806
      4 807
      1 808
      2 809
      2 81
      2 810
      1 811
      2 812
      1 813
      6 814
      5 815
      2 816
      2 817
      1 818
      1 819
      2 82
      2 820
      2 821
      1 822
      2 823
      2 824
      2 825
      2 826
      2 827
      2 828
      2 829
      2 83
      2 830
      2 831
      4 832
      2 833
      1 834
      2 835
      2 836
      2 837
      2 838
      2 839
      2 84
      2 840
      2 841
      2 842
      2 843
      3 844
      2 845
      4 846
      5 847
      2 848
      2 849
      2 85
      2 850
      1 851
      3 852
      2 853
      2 854
      2 855
      2 856
      2 857
      2 858
      2 859
      2 86
      2 860
      2 861
      2 862
      2 863
      2 864
      4 865
      2 866
      2 867
      2 868
      4 869
      2 87
      2 870
      1 871
      3 872
      2 873
      3 874
      2 875
      1 876
      2 877
      2 878
      1 879
      2 88
      2 880
      2 881
      2 882
      3 883
      2 884
      1 885
      2 886
      2 887
      2 888
      2 889
      2 89
      2 890
      2 891
      2 892
      2 893
      2 894
      3 895
      2 896
      2 897
      1 898
      1 899
      2 9
      1 90
      4 900
      2 901
      2 902
      1 903
      2 904
      2 905
      2 906
      4 907
      2 908
      1 909
      2 91
      1 910
      2 911
      1 912
      2 913
      2 914
      2 915
      2 916
      1 917
      2 918
      2 919
      1 92
      2 920
      2 921
      2 922
      2 923
      2 924
      2 925
      2 926
      4 927
      2 928
      2 929
      2 93
      4 930
      4 931
      3 932
      2 933
      1 934
      2 935
      2 936
      2 937
      2 938
      1 939
      4 94
      2 940
      6 941
      2 942
      5 943
      1 944
      2 945
      2 946
      2 947
      2 948
      2 949
      1 95
      1 950
      2 951
      2 952
      2 953
      2 954
      2 955
      2 956
      1 957
      2 958
      2 959
      2 96
      2 960
      4 961
      2 962
      2 963
      1 964
      2 965
      2 966
      2 967
      4 968
      2 969
      4 97
      2 970
      2 971
      2 972
      1 973
      2 974
      2 975
      2 976
      2 977
      2 978
      2 979
      2 98
      2 980
      2 981
      1 982
      1 983
      1 984
      2 985
      2 986
      2 987
      1 988
      2 989
      2 99
      2 990
      2 991
      2 992
      2 993
      2 994
      2 995
      1 996
      1 997
      2 998
      2 999
